30 40

240
21 37
6 8
25 0
8 28
0 29
6 12
1 6
17 29
29 9
29 39
13 7
24 21
9 38
23 21
1 37
15 27
22 35
22 21
5 20
4 2
20 24
0 6
10 10
27 25
6 35
0 5
8 4
20 37
15 18
4 38
22 16
25 36
22 11
21 27
18 0
22 38
7 19
21 20
1 4
24 37
2 24
13 17
21 37
4 5
15 24
1 3
26 16
9 28
5 28
22 23
21 14
9 1
6 32
17 28
27 19
12 35
27 13
26 31
23 10
9 22
12 23
11 27
28 13
19 25
26 0
16 21
4 26
29 12
19 35
8 4
14 31
25 38
26 7
17 11
26 36
2 29
11 27
1 31
19 31
20 9
11 23
10 31
22 3
27 33
7 17
8 39
17 26
23 38
5 27
3 33
5 4
13 26
12 4
19 18
11 32
11 28
17 30
26 30
0 37
13 20
7 22
15 37
24 25
0 3
6 27
9 35
24 30
4 5
17 15
12 11
13 30
19 34
5 24
13 3
11 6
2 1
28 26
6 17
12 3
2 7
14 18
5 16
10 23
25 36
13 26
24 32
28 0
3 22
28 22
8 3
11 1
14 4
9 1
19 32
1 9
23 39
0 38
12 32
13 30
28 9
29 24
11 19
25 6
23 20
19 8
20 26
15 36
22 29
20 6
25 28
19 20
0 11
22 17
17 24
7 8
13 32
3 35
24 18
10 15
14 23
8 37
7 23
4 2
3 18
11 27
15 26
18 2
27 11
1 11
3 26
24 10
22 38
23 13
12 21
23 24
0 39
1 1
6 15
6 13
22 2
3 1
24 11
23 0
4 9
5 37
25 5
27 17
0 37
16 1
23 27
7 4
28 34
5 7
25 18
20 18
22 21
3 11
16 34
23 16
5 27
23 5
15 14
21 37
2 15
6 29
19 35
19 32
19 28
10 20
5 17
6 0
29 7
0 10
25 4
16 0
27 32
7 34
22 18
28 28
8 21
9 28
26 8
24 15
22 29
13 38
6 0
25 30
16 32
18 6
15 24
16 10
6 9
12 16
3 22
10 30
9 19
2 26
10 8
8 35
4 39

60
18 27
3 6
18 21
4 8
24 6
22 20
14 17
15 16
4 25
6 31
26 15
16 6
4 14
5 19
25 39
7 16
1 25
22 26
28 29
3 6
15 7
18 7
8 31
25 20
7 16
29 14
14 27
19 17
11 8
23 33
8 27
21 38
1 7
7 19
18 21
10 13
27 16
23 17
5 9
27 33
8 0
11 17
10 2
8 21
1 9
25 11
17 28
12 32
9 2
4 10
29 36
8 34
0 33
27 4
29 19
13 7
8 19
2 6
7 24
9 22