108 192

4147
35 13
30 15
80 81
1 7
47 35
94 68
11 146
6 164
90 0
21 182
14 6
61 34
10 67
47 155
38 23
28 186
80 159
101 128
40 80
28 97
79 54
73 90
54 77
63 149
73 79
84 65
38 45
63 151
69 81
59 101
78 99
23 124
43 73
83 64
88 119
47 104
62 119
13 9
26 85
25 174
15 57
38 80
62 186
83 22
88 78
5 21
25 124
50 175
59 142
82 46
84 174
106 67
75 82
46 7
50 24
8 105
29 135
104 35
77 115
2 106
49 26
87 154
12 67
19 36
37 147
100 173
103 160
79 148
7 53
30 33
23 57
95 0
13 186
62 183
75 54
63 94
97 34
26 123
64 172
15 160
77 5
104 10
88 188
78 99
23 43
87 79
90 24
15 165
102 178
64 132
55 138
2 146
35 74
94 95
62 137
38 89
71 48
36 65
33 27
70 148
20 87
9 110
102 63
44 45
14 48
9 40
40 175
42 34
10 8
40 171
23 137
107 10
33 175
79 47
23 13
79 104
94 77
84 88
2 156
39 191
20 135
94 184
84 12
28 65
85 110
103 115
80 127
96 144
83 24
7 97
63 62
74 88
63 125
66 188
95 89
31 92
16 60
27 26
69 172
103 8
96 125
96 24
101 155
36 129
76 100
23 96
78 25
73 185
84 116
93 36
36 103
73 5
50 50
98 49
75 8
4 67
83 188
12 54
24 143
56 136
17 38
48 37
67 5
11 0
14 166
16 141
6 189
21 136
14 31
24 35
73 59
54 134
43 45
13 102
79 148
107 140
3 133
9 137
2 173
33 170
41 130
69 64
4 93
56 136
61 65
50 21
13 55
99 31
29 19
7 189
80 29
12 22
27 169
56 45
28 184
38 118
14 94
17 35
50 166
9 101
69 133
28 7
17 3
5 83
81 127
1 124
71 85
26 159
10 31
36 136
29 186
11 26
60 135
43 133
98 154
13 38
13 136
78 140
71 148
36 146
12 24
36 59
14 118
78 148
57 112
41 174
76 115
50 46
49 20
3 188
5 179
103 181
29 80
69 124
92 32
98 18
65 6
83 187
71 52
12 134
94 116
62 160
106 190
47 70
98 14
85 81
35 27
15 167
96 138
23 24
68 85
96 37
11 161
43 125
91 41
92 156
35 181
11 9
87 140
47 28
39 52
99 39
20 182
94 104
57 0
12 176
7 55
97 103
35 48
75 127
73 139
64 186
2 134
33 169
86 103
11 25
95 19
35 121
57 109
19 111
101 130
86 59
18 186
80 177
51 59
103 145
66 173
27 142
71 168
19 102
30 112
35 73
107 19
91 54
47 163
74 172
70 144
79 0
78 24
56 38
14 120
26 130
66 139
5 101
32 5
46 98
49 97
44 74
82 72
52 10
106 141
36 183
91 169
43 124
45 109
103 11
79 149
0 120
2 102
84 51
74 159
94 84
7 107
19 99
34 42
70 178
32 87
105 27
76 75
62 33
38 3
44 157
87 135
31 13
72 0
16 169
60 142
42 76
69 159
102 101
24 74
1 161
54 149
90 123
71 182
70 169
99 137
65 116
60 137
28 40
24 51
6 124
37 88
68 12
44 160
33 153
31 177
45 41
54 27
102 176
11 70
2 147
59 99
53 163
52 31
89 11
53 86
3 25
57 45
22 3
34 129
76 175
34 92
34 84
71 18
12 129
15 143
80 143
46 72
23 189
79 120
37 86
96 151
31 158
67 52
94 17
36 36
36 41
33 163
70 40
91 177
47 115
95 122
38 153
10 62
51 78
83 32
30 106
78 101
48 115
63 131
88 105
39 177
30 8
29 159
22 74
36 49
60 50
50 5
17 154
38 179
30 160
16 154
9 129
68 102
22 190
20 125
86 53
68 160
66 121
7 28
79 7
47 97
63 15
62 94
65 12
3 190
50 4
34 0
77 97
43 159
30 128
14 115
33 166
26 102
48 104
62 118
93 148
76 89
107 150
80 79
67 138
64 64
51 160
84 153
23 128
73 87
77 70
87 17
47 146
0 82
96 83
51 71
41 172
11 51
31 112
102 90
54 46
39 157
88 103
78 140
81 81
42 40
84 43
25 145
106 117
9 55
32 47
59 79
17 131
29 3
25 88
107 102
50 51
64 13
59 127
94 36
0 66
47 184
36 122
24 54
65 88
69 65
86 181
76 132
94 151
105 138
66 128
64 156
50 19
96 111
82 139
25 184
56 134
24 80
32 189
38 130
34 102
46 110
32 106
69 132
8 152
107 126
32 126
70 51
3 82
37 60
44 166
21 27
95 82
48 184
0 92
2 191
47 47
61 24
56 167
53 111
23 18
80 136
11 131
23 94
22 173
19 66
91 177
81 144
85 22
21 107
100 105
84 97
107 47
98 133
31 37
49 150
100 9
41 15
6 79
71 170
100 171
17 122
20 70
46 150
1 125
21 42
12 177
72 130
17 177
17 42
65 67
64 8
22 139
4 99
57 137
96 186
61 22
103 157
28 63
35 34
69 146
29 88
92 96
43 117
26 172
18 43
74 118
18 10
36 148
39 79
34 64
37 63
24 21
52 52
54 14
36 76
106 52
33 98
0 185
86 70
47 114
63 44
25 140
25 158
20 150
54 152
61 62
62 39
36 77
56 60
69 74
66 70
103 91
10 146
74 36
105 50
30 131
35 62
106 105
45 148
3 138
36 104
15 174
26 27
92 178
11 154
19 4
58 66
34 86
91 180
38 101
73 183
63 44
56 59
99 11
105 157
74 155
47 30
8 45
68 155
103 152
37 124
25 132
69 121
30 5
99 186
91 96
34 50
60 67
34 52
50 77
104 23
85 12
74 174
59 109
82 75
35 99
75 59
73 71
46 3
100 79
60 30
15 20
50 118
58 16
87 132
89 37
2 132
86 31
50 41
56 127
89 60
27 161
14 18
19 69
53 33
56 23
38 25
54 60
21 42
7 188
93 171
45 114
105 159
28 42
45 110
16 100
78 154
74 98
35 176
97 44
57 60
34 190
9 159
79 60
78 38
36 66
76 159
68 45
105 73
23 158
82 145
44 54
99 176
76 168
46 175
22 112
104 101
88 64
100 109
70 97
70 185
50 94
49 9
94 15
0 116
51 134
18 182
47 112
70 190
101 58
42 119
93 82
19 25
1 144
6 181
15 2
22 152
7 148
0 55
39 100
58 183
37 138
88 177
2 18
103 176
18 1
38 45
43 49
48 189
51 161
43 118
48 122
0 67
6 154
98 110
88 144
102 122
98 165
64 128
46 123
60 182
37 36
100 100
9 152
7 25
71 18
2 179
48 144
81 1
68 64
2 186
85 143
64 24
60 56
90 148
98 37
5 7
21 132
43 144
62 115
62 120
33 101
67 15
81 80
50 128
24 58
86 111
22 10
100 13
85 0
57 106
84 34
47 169
66 58
6 68
69 45
8 119
85 152
8 31
31 185
105 165
5 172
82 130
17 5
33 34
51 36
14 182
103 184
98 15
30 8
52 98
24 174
73 184
53 55
51 84
83 127
28 33
8 172
5 28
33 6
81 39
22 42
41 147
10 165
94 106
83 1
41 185
33 173
107 157
52 163
18 23
93 47
5 115
48 20
34 65
39 9
98 149
91 166
106 110
39 98
36 120
104 67
76 43
80 85
32 138
25 29
106 137
42 179
11 191
2 156
72 166
62 174
64 61
92 62
70 65
88 135
16 182
37 148
80 66
83 36
94 124
58 58
66 37
94 34
37 165
39 191
28 92
27 79
40 58
88 125
3 49
18 60
99 55
54 5
94 101
50 84
62 113
60 71
86 7
54 52
35 84
21 129
105 111
96 179
25 7
62 117
18 179
42 149
21 95
102 61
91 98
92 35
80 36
14 130
94 51
17 43
19 23
106 39
7 115
43 51
83 155
56 61
40 132
24 104
91 32
41 101
57 122
58 191
12 143
37 182
107 81
4 36
29 187
40 67
47 143
93 94
84 63
22 17
50 77
53 22
37 158
24 167
40 181
8 32
14 32
30 80
21 46
87 101
3 145
65 125
95 35
91 61
77 64
63 128
102 188
102 63
51 70
5 113
87 119
80 32
79 163
14 71
61 188
45 163
49 33
79 152
77 186
97 43
45 151
83 62
35 109
107 173
67 113
18 158
42 20
87 99
68 54
0 61
15 27
35 106
39 159
42 134
74 116
49 185
87 34
87 162
82 184
105 24
71 59
104 89
50 1
102 133
11 134
33 142
85 171
83 110
95 168
0 58
80 182
49 131
81 116
73 37
52 23
57 183
24 80
65 121
103 161
8 64
99 31
44 157
18 72
90 110
82 28
68 178
105 124
63 19
2 125
69 68
74 0
97 176
8 38
14 27
42 26
36 86
36 48
40 52
0 107
17 148
0 62
78 0
85 78
94 81
67 86
40 28
73 45
73 61
39 145
13 14
12 149
4 166
32 92
3 179
79 42
64 39
76 34
81 183
87 93
31 122
21 120
13 64
53 115
59 158
90 140
48 131
9 83
96 93
74 127
86 36
1 58
40 31
41 126
86 127
28 16
100 16
105 18
19 122
14 81
24 93
60 77
102 106
72 191
33 181
22 155
34 142
18 151
11 37
50 68
54 154
44 17
17 112
101 48
73 98
77 22
92 98
83 136
17 83
62 188
80 123
94 1
102 39
43 43
19 108
14 86
21 77
32 175
9 53
47 161
77 184
19 53
65 47
26 189
3 169
38 1
3 75
61 70
41 149
23 179
17 156
65 54
17 173
34 95
98 8
61 52
61 148
59 69
64 174
76 102
14 147
92 163
86 154
105 63
37 57
35 150
14 169
60 53
15 174
59 13
82 62
30 93
69 53
25 75
90 5
23 105
2 173
95 148
5 20
18 74
76 92
41 176
36 39
32 12
2 88
79 177
52 100
32 94
28 113
44 85
33 145
48 117
45 151
1 84
76 74
52 6
36 27
81 160
44 33
52 114
105 2
97 81
58 123
54 144
93 15
59 180
102 157
78 157
29 53
91 176
106 158
98 30
36 151
12 16
34 59
54 59
65 183
57 41
57 120
7 141
26 46
66 137
35 49
8 20
98 156
88 71
24 15
71 89
34 78
38 32
41 97
53 172
59 123
73 19
68 121
33 86
3 70
101 146
78 138
41 87
64 178
67 28
49 37
52 117
23 66
90 186
17 118
88 112
40 94
24 8
54 107
83 47
71 138
0 120
18 110
68 163
51 2
66 91
41 69
50 10
11 164
70 137
28 107
50 186
36 81
0 3
3 148
91 98
30 108
7 135
87 37
5 12
45 129
7 180
10 181
33 130
37 179
103 158
104 133
53 61
54 110
16 63
33 158
35 184
75 3
15 181
90 180
97 11
87 11
57 180
6 173
11 57
53 20
6 13
57 120
24 161
6 48
68 105
106 6
107 64
64 82
89 89
56 121
12 2
65 5
101 148
89 55
54 44
35 154
21 66
37 74
36 29
81 96
75 127
11 162
94 82
71 1
69 176
72 9
9 59
36 51
2 138
36 17
84 132
102 46
95 87
28 27
6 156
13 14
100 116
35 154
22 57
39 159
105 57
59 138
47 98
95 49
49 105
27 148
107 93
103 71
94 150
103 131
98 16
72 44
98 149
60 124
0 77
73 135
10 184
15 54
90 101
25 181
2 187
92 187
61 174
75 100
35 80
53 126
71 43
83 90
97 105
61 165
13 59
9 171
58 124
42 12
73 172
66 136
36 99
42 81
49 166
1 48
82 188
46 120
11 154
60 164
93 17
55 26
80 114
100 19
27 183
58 149
14 47
48 147
41 88
86 151
107 92
72 127
23 76
27 2
44 157
54 49
91 111
6 31
41 6
55 174
33 21
67 38
106 184
61 146
8 8
61 111
11 11
22 78
78 142
107 190
61 133
65 93
3 7
21 38
93 80
25 182
97 185
63 10
88 172
82 32
38 60
92 118
27 88
75 126
103 4
68 182
31 157
53 83
95 76
50 36
46 86
49 19
12 123
102 155
40 41
43 45
61 187
24 139
1 76
80 183
84 61
66 88
11 153
29 136
15 185
13 8
46 170
40 167
17 183
67 175
68 68
80 40
58 158
4 188
0 52
106 51
18 10
29 104
19 58
64 131
75 128
59 179
3 72
105 69
74 70
3 96
20 175
87 37
101 136
14 86
83 83
76 169
21 180
35 4
86 177
32 129
28 172
4 90
65 70
42 24
62 27
66 156
44 52
73 135
6 22
97 17
55 112
17 21
66 173
39 47
70 171
13 63
93 133
94 82
102 111
44 76
58 37
92 23
89 157
16 18
45 141
25 143
56 163
14 187
66 182
42 162
40 62
69 27
104 22
71 86
33 107
38 109
17 118
55 36
90 87
12 4
35 162
74 91
56 9
6 123
104 84
86 63
69 76
107 3
43 71
6 14
89 104
85 184
89 125
48 96
9 9
33 45
46 78
74 185
84 153
48 168
75 48
85 44
14 56
19 26
64 16
47 92
63 124
13 73
48 153
10 8
10 184
14 100
60 44
84 166
96 66
70 188
81 84
49 142
0 38
4 8
34 138
103 118
13 183
32 30
89 153
16 127
79 129
65 93
70 143
30 44
88 18
73 170
56 48
53 159
56 37
34 35
14 67
24 72
88 44
23 78
103 146
33 37
61 157
57 33
13 23
87 188
60 184
73 126
84 187
19 125
100 52
64 4
36 97
91 83
89 30
107 88
26 149
74 1
107 165
88 111
45 149
28 81
105 154
6 124
95 92
49 118
16 93
34 187
38 146
66 186
11 43
85 31
85 100
78 166
59 0
48 139
48 173
34 110
105 87
84 144
107 131
34 132
30 163
69 59
35 100
57 184
45 55
75 24
34 111
95 49
85 166
72 103
66 134
64 186
31 15
21 72
9 125
91 129
23 123
57 83
53 163
1 164
5 33
61 165
32 57
97 37
30 100
35 117
14 115
65 148
3 135
68 166
23 9
10 88
47 57
70 29
84 21
60 167
41 29
16 97
53 169
81 42
5 63
39 80
107 133
37 70
103 186
28 91
83 169
42 94
44 144
2 175
1 22
79 123
72 6
37 28
94 93
67 122
47 71
101 170
33 28
41 47
88 88
101 3
106 44
92 33
7 125
38 130
12 52
85 91
97 37
104 156
33 179
107 74
103 29
9 166
22 52
64 34
79 94
43 142
24 48
35 121
42 48
106 34
60 11
55 74
63 181
12 80
96 132
48 122
39 95
64 30
42 153
22 74
5 42
85 182
17 162
47 127
89 44
72 148
63 36
78 91
79 50
69 13
106 97
13 45
105 47
51 20
100 74
6 140
69 35
90 13
50 93
7 34
1 45
81 66
55 157
70 91
14 100
99 133
56 172
76 15
43 187
60 41
9 165
85 45
69 34
17 176
100 47
62 148
18 168
6 101
36 12
51 8
106 12
1 127
60 189
100 159
1 175
106 165
57 2
80 34
51 92
3 53
80 111
59 66
104 152
21 87
67 32
104 168
87 113
28 175
73 79
8 106
105 3
52 4
106 106
33 27
94 85
21 47
48 85
3 85
72 87
4 183
44 68
93 128
12 146
12 10
2 166
66 153
33 68
15 73
64 14
2 28
21 68
87 139
41 20
103 125
24 1
87 17
42 45
100 166
100 79
74 184
22 27
45 168
9 89
61 187
91 4
2 25
59 188
19 107
46 158
37 149
55 163
14 136
49 27
71 154
56 154
33 125
13 105
97 175
19 135
96 1
57 156
18 81
43 108
69 68
92 114
76 116
12 23
31 83
70 127
37 28
85 48
12 131
82 87
1 28
25 122
48 99
13 172
29 120
38 65
80 168
76 141
24 92
68 60
33 141
98 186
39 142
43 187
16 177
85 73
26 133
59 5
28 176
55 72
20 181
84 21
98 74
59 131
76 28
84 100
18 93
45 55
37 182
100 76
79 60
102 79
90 87
44 84
102 50
26 143
66 128
94 17
86 164
18 174
10 153
16 96
68 166
18 122
78 102
60 103
55 83
89 176
6 110
84 13
66 105
59 87
90 141
65 17
76 64
44 95
26 160
2 20
11 94
43 66
101 27
107 60
79 43
4 116
12 47
87 169
49 164
34 72
26 171
79 182
17 44
24 62
106 121
56 39
101 179
103 65
20 22
58 21
9 4
61 28
18 125
84 4
68 85
106 68
15 116
50 162
60 16
96 115
86 94
104 119
98 177
65 11
82 170
40 44
14 54
2 16
20 119
5 135
4 103
43 157
16 139
77 74
91 128
30 122
90 86
101 160
33 60
43 89
96 189
43 66
47 85
92 33
92 74
74 22
7 69
61 100
92 59
69 57
51 174
87 8
96 158
76 141
37 132
95 149
56 86
58 107
70 30
71 88
65 66
29 25
51 126
7 103
82 148
10 11
28 164
102 172
72 11
107 153
89 64
45 81
63 103
73 103
6 107
102 173
95 72
38 43
67 164
34 171
59 149
94 71
0 139
24 93
71 57
106 52
107 35
52 39
72 188
18 12
95 156
77 23
38 126
13 3
58 90
81 171
31 86
77 26
18 102
69 73
42 41
56 156
65 120
51 32
47 56
93 67
88 111
90 159
98 186
22 35
32 177
105 49
48 190
38 126
94 26
21 73
93 38
66 44
83 149
56 178
107 98
47 143
30 185
30 154
83 69
42 170
101 167
72 86
107 47
73 121
100 74
3 167
107 1
96 174
99 163
49 97
28 21
48 86
23 64
69 106
78 83
72 138
103 48
50 8
56 146
75 119
76 80
37 111
32 147
1 120
13 3
74 20
61 123
56 103
85 98
49 106
50 172
0 1
50 91
76 143
27 54
90 53
81 17
92 25
52 86
12 13
42 41
44 191
23 113
28 48
23 56
38 141
69 26
75 23
8 104
98 30
11 58
75 20
100 130
52 96
16 174
48 125
4 60
21 30
30 189
99 64
106 160
78 95
13 23
6 112
71 45
54 137
0 102
93 39
59 44
46 60
6 120
75 92
62 69
40 120
50 177
30 60
26 15
53 111
16 132
88 16
43 17
31 129
72 3
1 79
58 79
34 78
12 19
20 163
86 26
47 75
3 181
72 117
91 36
49 9
47 170
45 177
27 42
65 10
13 124
100 8
102 2
93 136
21 5
68 63
77 144
44 149
77 69
14 23
25 48
75 158
91 153
38 6
24 39
95 46
69 34
89 17
94 126
17 133
49 98
37 64
103 140
40 179
20 63
70 109
34 153
79 121
56 6
80 185
41 64
68 163
78 112
103 127
74 55
49 33
39 58
84 178
107 45
86 44
26 85
85 6
59 49
10 109
85 94
68 162
64 76
33 161
24 61
83 97
43 158
12 35
75 165
82 111
93 29
95 89
99 103
11 4
96 21
79 118
72 131
103 18
105 114
77 147
40 120
56 104
40 60
70 154
103 74
104 55
0 112
106 157
102 182
91 11
32 71
86 77
101 147
62 159
25 1
66 11
81 96
44 154
76 91
74 134
67 29
83 29
24 82
55 93
53 7
52 70
53 7
103 55
72 145
62 0
39 24
8 157
28 5
87 110
8 161
92 130
39 43
88 106
59 32
13 79
96 43
94 44
42 176
35 156
45 94
66 57
67 180
43 109
97 74
70 103
13 19
45 39
107 47
64 78
32 18
3 151
87 63
27 90
82 188
0 3
102 55
37 1
90 186
70 111
41 91
19 175
73 32
31 26
81 80
63 14
40 118
65 4
23 58
3 106
91 102
92 29
67 113
16 17
98 181
12 75
60 35
76 74
96 141
30 190
92 126
48 66
6 22
97 16
71 164
26 105
26 167
5 135
82 65
12 100
39 4
36 40
27 138
98 10
67 6
94 84
58 161
49 18
18 115
59 170
29 168
20 118
22 79
54 95
50 80
36 60
12 143
93 111
60 91
13 103
65 103
99 118
78 176
14 40
89 84
12 178
105 34
85 180
46 108
5 101
43 30
26 53
68 57
15 122
75 181
34 15
59 84
74 155
1 123
80 64
95 146
10 127
56 125
44 155
93 142
73 122
28 162
3 40
88 142
3 178
48 150
31 111
30 46
52 139
67 48
2 168
16 81
54 85
3 54
88 38
100 15
106 112
57 29
84 39
47 105
30 151
20 173
11 33
98 65
19 17
36 171
42 30
65 19
106 59
48 171
28 4
3 61
22 183
27 28
41 90
80 125
13 83
87 177
56 6
4 124
85 127
26 28
55 154
6 32
16 18
28 98
81 37
68 150
55 92
4 163
20 154
50 18
1 30
83 39
27 107
15 178
77 180
90 160
63 162
70 18
10 2
47 164
34 3
71 69
20 188
67 54
102 145
51 93
98 150
51 185
28 98
88 181
40 47
42 97
28 92
106 72
16 159
29 42
31 95
58 45
87 40
95 147
73 139
46 159
17 37
31 126
69 191
28 79
91 178
17 138
8 59
95 109
33 107
87 142
78 45
40 69
34 169
66 12
54 138
84 4
96 156
34 107
36 133
101 13
35 0
67 109
48 78
6 69
10 110
48 18
41 140
101 137
62 146
94 90
67 150
76 20
63 119
8 51
57 61
21 132
61 9
1 71
58 13
49 76
16 80
103 8
84 131
105 68
58 142
78 186
13 74
36 121
77 93
102 14
103 75
26 27
62 77
73 4
30 73
27 30
48 184
80 15
41 24
106 113
100 126
57 25
15 27
16 189
84 25
38 178
9 180
42 142
12 149
74 29
21 66
97 178
40 6
42 117
33 63
89 24
11 91
4 166
39 129
7 8
80 107
12 135
63 150
17 154
96 159
55 0
43 184
106 70
20 154
48 24
43 80
69 169
84 18
25 53
10 119
87 25
81 161
17 163
72 122
28 0
14 82
26 63
48 26
105 31
19 87
80 175
6 21
9 64
39 137
64 95
96 162
7 99
70 2
63 161
30 144
16 28
28 134
72 147
93 154
58 171
66 107
75 37
105 50
94 59
48 165
31 75
55 157
68 164
96 106
97 183
21 182
77 142
0 65
2 59
13 3
64 29
101 53
57 21
84 37
65 27
102 50
89 135
19 98
57 85
54 22
35 22
13 187
80 21
61 124
51 98
88 106
76 96
89 131
6 119
74 160
107 175
28 65
59 101
8 39
78 184
73 184
82 74
23 47
102 31
54 184
36 148
47 100
16 44
50 174
51 11
81 139
82 97
106 149
35 88
34 138
72 168
91 10
101 79
29 154
21 97
74 44
16 135
43 27
59 87
42 150
85 181
46 177
91 97
3 92
53 126
54 72
81 70
3 36
101 175
66 166
82 122
86 157
6 124
16 132
82 185
62 0
5 25
105 179
36 1
55 183
3 20
99 165
99 74
81 105
4 155
102 167
25 85
32 149
43 86
71 191
71 189
19 149
34 22
60 75
46 110
51 36
28 57
96 82
89 114
65 14
47 178
71 44
97 153
6 145
31 58
36 83
67 139
29 150
67 155
53 0
61 187
13 160
21 68
35 32
20 183
7 79
61 170
105 189
97 106
37 112
95 180
73 89
93 66
47 15
50 31
106 102
60 113
50 36
15 155
58 17
101 83
6 33
4 128
101 164
47 132
95 79
92 34
96 98
107 151
99 84
13 89
75 159
104 124
65 1
93 187
5 46
58 102
34 41
96 87
104 42
82 162
10 149
57 190
51 89
11 162
1 127
63 125
12 8
16 15
18 153
23 83
65 73
101 87
14 7
42 73
13 34
92 120
96 108
70 71
42 131
88 97
22 67
46 85
76 108
46 76
74 99
42 93
100 70
25 40
87 144
66 62
56 124
97 15
103 93
17 150
48 60
87 116
99 48
90 148
11 113
43 166
63 49
107 80
17 72
60 91
50 73
1 4
42 87
48 176
73 185
85 154
103 168
43 8
5 57
88 107
59 10
86 189
37 133
105 96
12 7
47 67
86 161
41 60
62 41
38 178
35 73
55 66
93 183
9 138
29 170
64 31
73 99
56 67
97 181
83 135
80 190
58 24
91 76
97 92
40 4
93 171
88 13
39 174
63 35
34 41
25 76
39 5
58 132
88 105
65 102
93 32
99 57
100 137
29 97
107 94
26 99
8 161
94 181
52 55
48 22
99 113
90 135
82 66
29 120
57 20
38 90
66 24
98 143
13 81
52 22
51 100
93 36
67 97
40 153
7 80
11 124
4 117
22 121
19 173
16 90
77 42
89 58
85 134
55 103
92 129
2 107
11 173
85 142
34 105
40 134
32 15
36 99
22 114
51 155
72 137
30 36
17 101
48 10
24 65
86 13
90 128
80 144
11 112
80 65
82 119
27 121
97 70
63 21
102 85
49 102
97 84
52 79
101 105
106 183
105 35
7 80
80 93
47 40
49 140
16 102
28 42
65 52
78 102
67 146
104 48
51 15
57 168
78 188
68 187
19 10
95 31
47 123
45 182
32 79
0 65
93 1
12 19
6 26
53 131
79 71
52 53
28 52
74 189
34 147
71 29
32 134
105 100
52 177
68 65
56 59
57 16
54 159
22 93
45 60
46 99
6 40
61 165
70 178
72 54
65 121
18 54
56 20
59 149
38 64
29 29
9 58
67 56
103 155
22 3
95 165
38 107
64 73
43 111
36 40
54 137
57 110
54 102
89 22
102 163
76 186
81 160
95 52
25 116
33 60
48 25
26 158
71 178
57 40
3 113
53 73
46 24
94 172
67 120
92 118
49 162
96 146
8 135
85 100
8 53
107 79
17 43
71 100
36 121
49 179
85 167
103 175
106 164
77 156
82 105
56 122
80 155
84 87
98 138
56 167
38 172
37 187
64 137
106 65
52 61
27 164
54 107
73 51
50 33
39 72
38 81
28 159
48 127
48 6
27 15
23 9
69 111
107 172
24 19
90 166
78 160
19 140
51 103
93 4
1 36
95 118
100 26
50 125
1 30
13 19
37 175
19 46
39 115
38 171
99 60
97 57
79 175
104 107
71 12
34 107
80 121
84 45
22 164
97 38
2 187
59 137
100 136
63 190
22 85
102 105
66 186
58 19
79 165
6 161
49 49
13 128
56 114
37 150
81 106
29 142
61 93
67 10
7 92
20 35
36 163
27 175
21 30
91 1
18 31
64 95
64 20
72 25
44 19
2 25
27 96
0 129
11 43
102 136
73 102
1 175
7 77
90 126
28 73
90 177
55 187
52 172
1 133
26 31
32 54
69 22
65 163
29 44
80 24
73 6
35 118
1 22
45 64
11 107
54 112
30 101
14 116
41 189
83 141
5 120
9 173
1 121
29 70
86 136
6 82
79 47
36 72
59 30
14 4
52 3
54 158
58 117
39 75
52 156
89 17
22 14
1 124
101 154
81 44
48 13
106 1
106 10
10 5
26 85
79 175
80 5
70 128
47 5
37 38
92 71
70 166
96 188
63 55
81 85
75 97
92 135
11 132
24 108
35 166
98 143
107 34
53 130
21 118
12 110
14 60
33 110
92 65
89 24
56 91
59 75
8 117
94 160
84 163
50 122
44 85
26 28
8 4
67 13
53 54
1 80
3 64
70 25
77 164
51 182
46 128
37 177
52 186
13 45
102 80
20 62
101 89
54 49
4 91
78 98
21 80
32 54
95 13
77 21
85 49
15 20
26 133
1 42
10 10
96 171
34 144
71 133
38 74
70 126
83 15
98 97
73 41
68 1
11 119
42 165
70 167
31 108
36 114
6 140
100 144
71 94
42 93
45 120
20 66
86 13
105 134
35 44
106 88
61 85
97 188
91 185
37 64
65 113
8 19
84 185
77 87
70 62
13 27
47 79
102 184
64 142
87 21
17 27
66 153
101 30
42 50
20 123
98 87
60 31
36 111
20 40
60 48
9 60
44 149
5 83
81 169
24 148
80 171
63 72
70 144
55 160
70 138
90 22
4 27
99 97
77 96
47 119
7 135
15 6
84 110
23 49
53 166
27 33
107 49
44 149
24 157
34 17
99 143
5 29
61 155
34 76
89 64
93 156
49 120
20 94
87 190
82 59
83 103
70 189
38 159
100 35
37 10
43 153
1 131
61 156
42 175
11 162
54 126
24 24
16 90
41 29
100 121
7 33
25 189
6 55
54 163
59 126
31 65
52 7
76 100
79 73
73 93
57 189
15 131
102 144
30 69
57 120
17 106
7 61
54 65
76 27
11 100
62 121
28 90
26 51
26 153
34 27
20 129
39 186
61 6
27 135
4 10
95 18
88 145
24 49
23 32
21 12
71 88
15 164
103 161
101 2
52 88
3 22
6 179
47 119
79 131
25 159
19 117
55 185
17 68
79 14
45 92
12 3
27 92
47 33
16 31
25 134
37 71
22 163
93 40
32 175
0 51
23 78
80 158
68 177
19 29
57 28
36 114
95 126
47 13
7 136
102 12
33 152
80 39
106 179
86 151
68 56
68 81
105 46
49 131
38 151
41 141
22 127
33 17
103 175
87 162
53 101
49 70
9 143
47 91
7 152
97 19
56 159
8 164
98 39
43 71
50 74
53 131
93 136
18 145
85 158
30 141
33 51
102 164
0 159
93 64
36 72
39 82
104 127
106 123
14 37
105 54
54 170
15 25
78 122
11 96
97 123
28 3
45 124
8 11
49 13
8 153
87 154
6 134
72 180
72 180
33 45
40 66
24 141
91 167
81 157
4 103
98 134
9 120
57 143
90 114
31 136
105 172
6 24
61 85
34 146
15 85
18 122
107 120
77 12
17 169
42 19
66 71
19 139
30 171
89 31
34 164
85 187
55 128
21 47
92 51
101 79
26 176
104 26
32 164
29 46
32 185
80 181
80 128
62 185
61 51
38 125
17 91
63 88
11 115
8 3
107 139
11 98
103 42
33 113
44 5
63 16
86 102
53 188
15 45
13 117
43 70
22 113
13 32
18 139
8 24
51 57
80 4
82 25
91 153
7 47
21 122
67 157
96 40
2 40
9 145
105 77
38 128
70 3
89 29
5 19
107 149
95 47
22 104
1 40
102 128
4 156
0 35
90 89
37 70
8 47
98 20
72 48
66 14
56 8
2 41
41 109
91 45
6 65
61 30
79 30
20 49
44 33
53 53
63 66
16 134
27 125
12 16
4 182
85 140
99 171
2 106
31 63
6 102
64 107
26 118
42 158
12 3
69 77
66 30
76 69
32 41
75 73
62 120
53 99
73 146
63 1
34 168
98 43
66 93
8 18
103 55
89 30
92 157
4 191
87 85
54 176
18 44
26 124
22 80
91 146
5 110
51 29
103 85
35 30
5 34
76 158
33 140
32 148
105 63
55 71
47 111
30 180
24 61
59 152
51 60
13 98
58 171
47 19
15 57
26 85
23 77
35 159
38 75
65 78
76 20
68 64
15 123
34 32
85 25
3 105
86 5
57 182
94 170
85 47
58 168
106 91
73 183
34 61
63 44
100 185
43 58
41 93
12 171
37 161
91 189
23 133
20 22
87 87
86 174
64 29
13 168
78 66
28 78
73 154
106 130
52 168
85 15
20 54
0 140
58 68
84 188
96 15
46 139
99 118
54 112
69 142
1 123
1 81
28 87
93 87
78 46
54 68
71 168
78 98
46 159
78 33
32 134
45 52
58 142
79 185
29 87
51 163
102 163
42 180
92 124
39 140
43 131
65 160
54 54
39 6
89 61
102 19
28 41
98 75
46 158
96 89
21 69
52 168
17 98
31 186
97 108
67 139
31 126
28 62
57 135
49 169
55 113
106 64
53 189
101 1
76 155
69 160
14 149
77 36
54 26
67 28
87 52
9 47
39 10
106 166
77 177
25 104
7 130
44 1
78 94
88 171
1 16
14 138
21 128
0 113
10 9
2 75
48 119
43 104
97 87
87 108
18 106
95 110
96 128
28 41
54 74
8 110
3 152
96 31
26 75
35 105
86 137
12 33
18 83
55 147
42 147
82 174
50 152
72 26
59 61
99 94
28 90
55 28
84 51
78 165
102 169
91 133
73 7
48 2
96 132
96 67
101 145
53 38
22 38
83 108
96 120
19 72
106 106
41 119
6 153
19 185
89 13
74 72
59 155
80 16
77 147
58 15
71 173
59 5
89 177
10 57
69 190
44 163
60 21
54 21
103 77
67 28
35 42
73 172
82 53
91 83
75 80
62 149
24 16
94 131
26 143
36 107
96 173
65 154
60 138
102 26
43 75
94 138
19 90
15 47
10 50
55 166
60 54
46 185
69 171
54 156
87 182
66 35
90 154
45 34
69 155
91 13
22 105
13 185
54 84
77 8
15 169
99 111
104 66
28 51
50 44
88 30
6 160
11 64
10 22
17 113
44 152
67 90
81 75
3 180
53 34
98 127
55 118
69 119
78 124
31 73
39 137
36 15
72 3
42 189
72 127
79 38
67 156
73 165
14 28
41 16
36 7
49 3
7 123
82 178
98 68
14 163
85 5
104 145
23 61
82 137
8 93
59 76
74 56
72 189
27 90
39 34
5 51
75 47
18 181
28 47
9 183
38 88
50 113
82 109
4 94
32 87
41 48
70 115
87 64
80 19
90 91
14 78
59 177
83 71
55 168
102 44
82 169
79 74
98 68
60 3
83 190
79 140
8 40
1 48
30 182
18 83
88 66
69 44
7 9
85 93
90 75
4 57
94 21
104 46
53 190
75 26
104 98
35 81
44 65
94 58
33 57
54 171
42 120
28 166
39 10
78 29
43 98
8 176
98 93
83 154
90 181
36 18
79 65
1 78
85 112
12 95
19 74
83 177
38 85
81 109
75 149
98 62
64 44
18 161
0 92
63 45
77 31
88 39
58 174
50 11
23 116
52 35
60 55
34 69
44 179
53 172
46 0
68 60
86 185
104 162
58 178
24 51
13 178
52 159
81 92
35 106
63 85
67 158
2 164
23 67
65 29
17 117
50 151
11 21
21 92
84 121
32 16
25 113
8 189
50 90
0 106
71 179
83 74
89 111
11 64
47 36
82 81
50 65
29 18
68 121
15 101
28 92
83 7
2 72
58 134
36 168
75 131
102 27
94 68
105 46
19 52
25 116
67 185
8 72
72 18
72 148
60 8
60 25
32 6
65 99
40 154
98 185
102 172
48 159
13 182
43 9
1 100
27 145
26 106
107 73
53 114
63 31
80 35
1 18
3 166
11 123
43 9
11 14
14 107
47 10
86 32
31 19
49 174
52 14
25 82
106 65
103 120
90 150
20 8
15 1
84 191
8 118
69 101
78 86
67 66
71 58
72 19
21 153
1 114
80 186
103 25
65 3
102 189
31 98
1 115
65 114
103 111
85 117
97 32
74 98
22 38
6 141
63 65
55 147
103 32
9 54
97 189
8 184
66 171
107 34
80 79
104 71
7 184
5 44
67 114
17 80
23 133
40 5
52 110
81 129
33 2
60 8
31 6
53 172
67 187
81 84
85 94
89 184
30 121
99 20
53 44
54 157
57 146
8 78
92 45
37 150
75 163
57 41
26 2
83 172
56 161
22 58
50 188
20 107
43 91
78 168
24 111
95 106
27 125
29 37
77 186
53 67
88 121
60 31
75 77
11 135
76 133
83 152
49 7
96 175
87 18
6 81
104 136
14 118
36 90
36 156
11 6
74 91
60 132
15 144
43 96
10 179
17 99
84 178
27 4
58 65
19 53
35 131
101 97
29 127
71 55
70 76
84 10
45 184
46 147
70 47
66 182
61 172
45 80
74 171
96 147
79 129
5 77
103 150
51 52
82 171
54 9
66 68
14 85
85 21
76 34
2 60
11 113
39 134
43 127
13 65
55 171
72 185
103 140
21 81
91 125
83 172
86 78
93 149
55 117
81 77
83 159
93 23
59 155
81 109
79 187
13 169
42 171
89 114
58 178
62 26
66 141
8 70
53 127
100 78
27 83
100 138
23 56
97 70
64 94
42 68
41 117
88 121
42 178
48 89
28 99
89 99
53 37
87 172
67 133
18 175
68 41
31 51
99 146
34 119
47 17
22 73
3 184
27 118
24 146
53 173
99 70
77 167
15 145
80 54
19 60
87 129
34 155
88 91
23 31
94 43
78 62
32 103
41 146
17 115
5 37
82 118
72 75
107 44
31 113
72 163
67 136
65 144
88 81
70 116
62 189
28 61
55 155
26 133
13 1
95 169
85 165
89 79
84 163
90 180
14 41
54 96
85 117
23 155
77 77
68 85
1 90
28 164
54 161
52 162
0 94
14 146
92 39
49 50
6 110
19 190
24 114
51 68
92 36
27 190
8 18
53 15
28 21
91 66
23 138
29 71
33 27
70 100
56 22
101 69
94 12
19 82
19 170
7 64
70 177
92 147
20 165
39 159
1 172
87 146
22 14
19 18
25 138
31 185
98 76
67 176
77 59
50 41
14 119
40 135
97 3
97 178
36 163
39 142
87 34
40 55
70 189
73 120
50 118
10 108
18 162
46 8
4 143
36 80
39 80
88 173
30 120
59 132
66 27
78 34
55 103
84 36
96 81
20 116
60 12
10 90
44 52
11 130
17 169
17 120
98 180
45 104
22 191
53 107
75 52
57 43
46 20
32 50
85 62
2 154
21 60
94 27
21 174
23 96
25 129
38 98
80 59
8 181
9 10
13 16
3 7
52 170
39 94
68 110
45 188
61 30
91 114
4 74
48 108
65 33
11 174
89 87
97 80
93 142

20
82 2
58 56
88 91
39 1
25 147
103 179
9 165
83 155
49 188
41 13
85 108
76 93
101 115
43 184
103 98
73 92
73 93
10 58
25 40
26 184